# R script for Peak Model
#  -- generated by MACS
p <- c(0.0371451325965,0.0435420856493,0.0501055021644,0.0559079428517,0.0621384324421,0.0614012371089,0.062019529969,0.0624000178829,0.06289940827,0.0629469692592,0.0623524568937,0.0619719689798,0.0613536761197,0.0618768470013,0.0620670909583,0.0625664813453,0.061710383539,0.0613061151304,0.061329895625,0.0616628225497,0.0623286763991,0.0624951398614,0.0632561156893,0.0636366036032,0.0634939206355,0.0639695305279,0.0658244091082,0.0674414827424,0.0679408731294,0.067964653624,0.0675603852155,0.0684878245057,0.0682024585702,0.0684878245057,0.068844531925,0.0682500195595,0.0671561168069,0.0663951409791,0.0663475799899,0.0665616044414,0.066466482463,0.0651823357535,0.0649445308073,0.0646353843772,0.0642548964633,0.0650634332804,0.0647305063557,0.0646591648718,0.0642786769579,0.064088433001,0.0641359939902,0.0644213599256,0.0651109942696,0.0646353843772,0.0652536772373,0.065277457732,0.0662286775168,0.0663237994952,0.066276238506,0.0670372143338,0.0676792876886,0.0690109953873,0.0684878245057,0.069343922312,0.0697719712151,0.0688683124196,0.0687969709357,0.0685353854949,0.0682262390648,0.0671561168069,0.0673225802693,0.0658481896028,0.0664189214737,0.0661573360329,0.0661573360329,0.0667280679038,0.0659195310867,0.0653012382266,0.0653963602051,0.0660146530652,0.066466482463,0.0674177022478,0.0673225802693,0.0668707508715,0.0664902629576,0.0665853849361,0.06696587285,0.0681073365917,0.0682500195595,0.0681311170864,0.0680122146133,0.0681073365917,0.0685353854949,0.0693677028066,0.0692250198389,0.0690585563765,0.0686305074734,0.0689396539034,0.0694628247851,0.0697481907205,0.069343922312,0.0691774588496,0.0683213610433,0.0682024585702,0.067964653624,0.0690585563765,0.0700811176452,0.0702713616022,0.0697481907205,0.0694152637958,0.0698195322044,0.069153678355,0.0692488003335,0.0689158734088,0.0695579467636,0.069153678355,0.068654287968,0.0679884341186,0.0684402635164,0.068154897581,0.0677744096671,0.0680597756025,0.0689872148927,0.0697244102259,0.0707707519892,0.0709134349569,0.0707231909999,0.070033556656,0.0703189225914,0.0708896544623,0.0704616055591,0.0715792888063,0.0712939228708,0.0711988008923,0.0702951420968,0.0701524591291,0.0704853860537,0.0713177033654,0.0707469714946,0.0708658739677,0.0707469714946,0.0695579467636,0.0690823368712,0.0697244102259,0.0693914833012,0.0691774588496,0.0693677028066,0.0693914833012,0.0694628247851,0.0699859956667,0.0711274594085,0.0725542890857,0.0737670943113,0.0735768503543,0.073600630849,0.0743140456876,0.0743378261822,0.0746469726122,0.0750512410208,0.0744567286553,0.074409167666,0.0746469726122,0.0745756311284,0.0744805091499,0.0742189237091,0.0736957528274,0.0743853871714,0.0745756311284,0.0742427042037,0.0745756311284,0.0747658750853,0.0744805091499,0.0741713627198,0.0739335577736,0.0749085580531,0.0743853871714,0.0737908748059,0.0731012404619,0.0737433138167,0.0733866063974,0.0730536794727,0.0729585574942,0.0725542890857,0.0725542890857,0.0725542890857,0.072910996505,0.0726018500749,0.0732914844189,0.0726256305695,0.0725780695803,0.0731725819458,0.0726731915588,0.0734579478812,0.0737195333221,0.0728396550211,0.073600630849,0.0737433138167,0.0743140456876,0.0751463629993,0.0758835583325,0.0754079484401,0.0754555094293,0.0741713627198,0.0739573382683,0.07509880201,0.0749798995369,0.0754079484401,0.0746945336015,0.0748847775584,0.0745042896445,0.0750274605262,0.0747658750853,0.075598192397,0.0758597778379,0.0751701434939,0.0754079484401,0.0761927047625,0.0758122168486,0.0752652654724,0.0755506314078,0.0750750215154,0.076287826741,0.0763353877303,0.0762640462464,0.0767396561388,0.0769299000958,0.0754555094293,0.0766683146549,0.0769536805904,0.0769536805904,0.0776433149344,0.076787217128,0.076787217128,0.0775481929559,0.0778573393859,0.0773103880097,0.0782616077945,0.0777384369128,0.0782853882891,0.0788323396654,0.0794030715362,0.0804256328049,0.0805683157726,0.0804731937941,0.0811390476435,0.0816146575359,0.0820664869337,0.0824707553422,0.0820427064391,0.0825896578153,0.0821140479229,0.0830890482023,0.0826609992992,0.0819713649552,0.0806396572565,0.0817573405036,0.0816146575359,0.0816622185251,0.0816859990198,0.0810914866543,0.0810677061596,0.0801640473641,0.0811866086327,0.0817573405036,0.0823518528691,0.0810677061596,0.0820902674283,0.0819475844606,0.0824707553422,0.0821616089122,0.0819475844606,0.0825183163315,0.0824707553422,0.0824469748476,0.08292258474,0.08292258474,0.083112828697,0.0835408776001,0.0836835605678,0.0843731949118,0.0852055122235,0.0842780729334,0.0838262435356,0.0842067314495,0.0849201462881,0.0852055122235,0.0838738045248,0.0832317311701,0.083612219084,0.083921365514,0.0834695361163,0.0841353899656,0.0843494144172,0.083921365514,0.0833030726539,0.0838738045248,0.0845872193634,0.0850152682666,0.0848488048042,0.0860853905245,0.0868939273416,0.0883920985026,0.0893195377928,0.0906274649969,0.0912695383516,0.0932908803943,0.0947890515554,0.0970006375551,0.0989030771247,0.0988555161354,0.099069540587,0.0990457600924,0.100615272737,0.10140002906,0.101828077963,0.101828077963,0.101637834006,0.101590273017,0.100686614221,0.101518931533,0.102612834285,0.103088444178,0.102874419726,0.103326249124,0.103445151597,0.103540273576,0.104253688414,0.105276249683,0.105704298586,0.105632957102,0.10670307936,0.106655518371,0.106893323317,0.106821981833,0.10798722607,0.106584176887,0.105799420564,0.104824420285,0.104943322758,0.10484820078,0.10422990792,0.104253688414,0.104206127425,0.104467712866,0.104586615339,0.106441493919,0.107416494199,0.106893323317,0.107606738156,0.107773201618,0.107440274693,0.107654299145,0.108462835962,0.108819543381,0.108439055467,0.107796982113,0.10793966508,0.109057348327,0.109152470306,0.109366494757,0.109675641188,0.109651860693,0.109295153274,0.109318933768,0.109295153274,0.109509177725,0.110555519488,0.110531738994,0.110175031575,0.110840885424,0.11200612966,0.111601861252,0.110674421962,0.110745763445,0.110745763445,0.110365275532,0.10886710437,0.109628080198,0.110341495037,0.110555519488,0.109556738714,0.110198812069,0.111506739273,0.111506739273,0.112243934606,0.113337837359,0.113670764284,0.11329027637,0.11293356895,0.11200612966,0.112481739553,0.112719544499,0.112481739553,0.112077471144,0.112267715101,0.112243934606,0.113028690929,0.1135994228,0.114051252198,0.115287837918,0.115715886821,0.117570765401,0.118117716778,0.118736009638,0.118926253595,0.119235400025,0.119306741509,0.119592107444,0.119592107444,0.119092717057,0.119164058541,0.117879911831,0.117570765401,0.118426863208,0.118117716778,0.117761009358,0.118046375294,0.119116497552,0.119401863487,0.119354302498,0.119592107444,0.118878692605,0.118997595079,0.118212838756,0.118569546175,0.119853692885,0.119948814863,0.119449424476,0.119972595358,0.120971376132,0.121518327508,0.123325645099,0.122897596196,0.122540888777,0.123159181637,0.12358723054,0.124348206368,0.123920157465,0.124039059938,0.123682352519,0.123539669551,0.122540888777,0.12389637697,0.124776255271,0.125085401701,0.124015279443,0.123611011035,0.123325645099,0.122802474218,0.123539669551,0.123801254992,0.123967718454,0.124633572304,0.124419547852,0.124467108841,0.124895157744,0.12548967011,0.125299426153,0.125656133572,0.125132962691,0.125037840712,0.125418328626,0.12451466983,0.125346987142,0.125370767637,0.124348206368,0.123634791529,0.124134181917,0.1242055234,0.124681133293,0.125751255551,0.126631133852,0.128153085507,0.128462231937,0.128533573421,0.130055525077,0.13110186684,0.13238601355,0.132195769593,0.132053086625,0.131506135249,0.131387232776,0.129889061615,0.129318329744,0.129579915184,0.130007964088,0.13048357398,0.129841500625,0.131268330303,0.132504916023,0.132195769593,0.13269515998,0.134359794603,0.134978087463,0.134978087463,0.13424089213,0.132861623442,0.1339317457,0.134288453119,0.134145770152,0.134787843506,0.133432355313,0.132861623442,0.132481135528,0.131957964646,0.132766501464,0.132742720969,0.131743940195,0.131743940195,0.131244549808,0.130816500905,0.1317201597,0.131363452281,